PSNR: 29.91084807988163 dB
SSIM: 0.9838010554237315
MAE: 6.815264305758907
MSE: 66.37362737920937
GEI: 1.7653184481397086e-05
